%YAML:1.0
m1: !!opencv-matrix
   rows: 3
   cols: 3
   dt: d
   data: [ 7.2093620569376992e+02, 0., 6.1984848818914782e+02, 0.,
       7.2542646434456503e+02, 4.7749223419169425e+02, 0., 0., 1. ]
m2: !!opencv-matrix
   rows: 3
   cols: 3
   dt: d
   data: [ 7.2093620569376992e+02, 0., 6.1328156658764271e+02, 0.,
       7.2542646434456503e+02, 5.1539273999402792e+02, 0., 0., 1. ]
d1: !!opencv-matrix
   rows: 1
   cols: 5
   dt: d
   data: [ -1.4343477688634268e-03, 1.0135310598844130e-01, 0., 0.,
       -6.4797935783470609e-02 ]
d2: !!opencv-matrix
   rows: 1
   cols: 5
   dt: d
   data: [ -1.2749870318424211e-01, 2.6911598348767424e-01, 0., 0.,
       -1.4877498580248280e-01 ]
r1: !!opencv-matrix
   rows: 3
   cols: 3
   dt: d
   data: [ 9.9996047634772245e-01, -8.4103567142147229e-03,
       -2.8829919139245902e-03, 8.3550154285021543e-03,
       9.9979025867221483e-01, -1.8698459330524674e-02,
       3.0396479443485043e-03, 1.8673632857198880e-02,
       9.9982101196978701e-01 ]
r2: !!opencv-matrix
   rows: 3
   cols: 3
   dt: d
   data: [ 9.9998825391086310e-01, -3.0762172886987112e-03,
       -3.7455209912653827e-03, 3.1456700442526915e-03,
       9.9982055771097977e-01, 1.8680394494710036e-02,
       3.6873839339007833e-03, -1.8691957246313534e-02,
       9.9981849049416271e-01 ]
p1: !!opencv-matrix
   rows: 3
   cols: 4
   dt: d
   data: [ 1.2896643464590400e+03, 0., 6.2565205383300781e+02, 0., 0.,
       1.2896643464590400e+03, 6.3624351882934570e+02, 0., 0., 0., 1.,
       0. ]
p2: !!opencv-matrix
   rows: 3
   cols: 4
   dt: d
   data: [ 1.2896643464590400e+03, 0., 9.4104080200195313e+01,
       3.9023106213759798e+04, 0., 1.2896643464590400e+03,
       6.3624351882934570e+02, 0., 0., 0., 1., 0. ]
q: !!opencv-matrix
   rows: 4
   cols: 4
   dt: d
   data: [ 1., 0., 0., -6.2565205383300781e+02, 0., 1., 0.,
       -6.3624351882934570e+02, 0., 0., 0., 1.2896643464590400e+03, 0.,
       0., -3.3048736289585677e-02, 1.7566988805854461e+01 ]
