%YAML:1.0
---
cameraMatrix: !!opencv-matrix
   rows: 3
   cols: 3
   dt: d
   data: [ 2.2520050274771306e+03, 0., 9.1903095914263088e+02, 0.,
       2.2559628576172217e+03, 5.3820849028119903e+02, 0., 0., 1. ]
distCoeffs: !!opencv-matrix
   rows: 5
   cols: 1
   dt: d
   data: [ 6.1497688572366782e-01, -5.4593197634638679e+00,
       -7.4506872113552381e-03, 3.7548140732104247e-03,
       1.0434727749318824e+01 ]
rvecs: !!opencv-matrix
   rows: 41
   cols: 1
   dt: "3d"
   data: [ -1.6612383974074413e-02, -3.1356477355352754e+00,
       1.6487378374458359e-01, -3.8641270087779359e-02,
       -3.1583728704386913e+00, 1.5823347940543658e-01,
       -4.8608253785167616e-02, -3.1776100699605880e+00,
       5.4755216376601620e-02, -2.2869640133189834e-02,
       -3.2424313641679179e+00, 7.1901982153350794e-02,
       -5.5382992453853606e-02, -3.2667500507768623e+00,
       7.1669453658371435e-02, 3.3758959868775668e-02,
       -3.2478097284168519e+00, 6.1592930744083001e-02,
       -3.1320392156515345e-02, -3.1436151027331407e+00,
       9.6415320455901801e-02, 7.2235392798117848e-01,
       -3.0223187088861652e+00, 1.0159857973567550e-01,
       7.2209569695222275e-01, -3.0202363537175274e+00,
       1.0156253720294227e-01, 2.1378797762337096e+00,
       -2.2341873056327506e+00, 6.2500478020390382e-02,
       2.1206102614035900e+00, -2.2452049316249330e+00,
       7.5553426234002227e-02, -2.2680989024364013e+00,
       2.2180185427154067e+00, -9.1457676318777159e-02,
       -2.2450570517903747e+00, 2.2276029661817889e+00,
       -1.0885747049947041e-01, -2.2456834854040979e+00,
       2.2278714903573746e+00, -1.0809919290241769e-01,
       2.1587231881590516e+00, -2.2631176659483878e+00,
       9.1940813140437158e-02, -2.2060296243870492e+00,
       2.2422596774013770e+00, -8.2536303054065133e-02,
       2.1666889553258590e+00, -2.2455113767167671e+00,
       1.1186049843439244e-01, 3.0671551769200622e+00,
       2.0137211499706594e-02, 6.8510272258344745e-02,
       2.8633377225992604e+00, -1.2051558844546753e+00,
       2.4433185814051663e-02, 3.0909918320285588e+00,
       2.7409175492597491e-02, -1.3060111473793587e-01,
       -3.1957509632958292e+00, -1.3037403959227686e-01,
       5.6833056419616980e-02, -3.1490590680457582e+00,
       4.2543156188589927e-02, -7.1839888303008581e-02,
       2.2348746186104296e+00, 2.1950320201965194e+00,
       3.4554925440411451e-02, 2.2334292001784588e+00,
       2.1940224519014184e+00, 3.7057580558923636e-02,
       -2.6500523008526673e+00, -1.7120263255834722e+00,
       -1.8157749937266775e-02, -2.1370049297066531e+00,
       -2.2997508687173216e+00, -7.0155064006088452e-02,
       2.2560312638351738e+00, 2.1542294291216684e+00,
       5.7615404544313270e-02, 2.2581069746758393e+00,
       2.1552874998819367e+00, 5.7675247155400670e-02,
       -2.2347633091604182e+00, -2.2356976567136413e+00,
       -4.6012961469814831e-02, -2.2777731564890993e+00,
       -2.3784293300819823e+00, 2.2840571417464865e-02,
       1.0290920658358291e+00, 2.8927985207941935e+00,
       -6.2511211663089566e-02, 1.7630892502292325e-01,
       -3.1720935747017962e+00, 5.2632748180582958e-02,
       3.1105900630007808e+00, -6.5432050747704723e-02,
       7.0389866555672226e-02, 2.2740606356198754e+00,
       2.1230092446778817e+00, 5.1138415417964725e-02,
       -2.2875287555819748e+00, -2.1790135476415036e+00,
       -9.4038315828918903e-02, -1.0863052133559799e-01,
       3.1465041037379073e+00, -3.7533584668883166e-02,
       -2.2058429211531205e+00, 2.2903537365465207e+00,
       -6.1014960949804443e-02, -1.2397335500470981e-01,
       3.1049699529759005e+00, -6.7361965993467623e-02,
       1.7395543035757517e+00, -2.5818024757049018e+00,
       1.2334697458594871e-02, -3.1675888801117789e+00,
       1.6759881756010772e-01, -6.8624699762144345e-02,
       -3.1707435248233478e+00, 2.8271302650022895e-02,
       -1.5004574873731688e-01 ]
tvecs: !!opencv-matrix
   rows: 41
   cols: 1
   dt: "3d"
   data: [ -1.0187633427113803e+02, 3.6736090632077563e+01,
       2.8982536678962737e+02, -9.9806384805546799e+01,
       3.2885738924694458e+01, 2.9017674793128941e+02,
       -9.9597379047715535e+01, 1.8348019393019602e+01,
       2.9072678993300195e+02, -1.0094599708907582e+02,
       3.7158917297627427e+00, 2.9199860531466800e+02,
       -9.9720379223310744e+01, -1.4093916278607130e+01,
       2.9245355121387581e+02, -1.0065761844564712e+02,
       -3.0131800326728435e+01, 2.9237167111678872e+02,
       -1.0130895746284460e+02, -6.3250029865101304e+01,
       2.9286193787844661e+02, -8.8383875226798779e+01,
       -5.7903466888182642e+01, 2.9230010206940904e+02,
       -8.8360616186398559e+01, -5.7897223705056803e+01,
       2.9221687334697748e+02, -5.8143553468623402e+01,
       -4.8448192427012458e+01, 2.9126977797595771e+02,
       -2.9220595586759444e+01, -4.6503009364259697e+01,
       2.9117140453402459e+02, 9.0669392181260022e+00,
       -4.5863009564892359e+01, 2.9161476180157450e+02,
       1.9798140454168816e+01, -4.6574737311208324e+01,
       2.9215118081739610e+02, 1.9792908388447774e+01,
       -4.6591204484757647e+01, 2.9214233787261554e+02,
       5.2175913866402546e+01, -4.8209035705718648e+01,
       2.9391543576915802e+02, 8.9842955029695901e+01,
       -5.1547441338729385e+01, 2.9574833342698082e+02,
       1.1273558480003551e+02, -5.3044640865990985e+01,
       2.9584604060604994e+02, 1.0911807732908569e+02,
       -3.7244656358312888e+01, 2.9422096870095305e+02,
       1.1062692882371050e+02, -3.3917592705102514e+01,
       2.9526397139416423e+02, 1.1042435404792752e+02,
       1.5232306461893981e+00, 2.9492859733551808e+02,
       1.1155186875955681e+02, 3.0707782819907735e+01,
       2.9389964991746689e+02, 1.1360605096620587e+02,
       6.1586002392006648e+01, 2.9467054952748384e+02,
       9.2608741895829979e+01, 4.6183577229322282e+01,
       2.9423995301120664e+02, 9.2576447233618126e+01,
       4.6174622823615053e+01, 2.9411505572262928e+02,
       5.4912529164816824e+01, 4.8943252423803692e+01,
       2.9358520763414913e+02, 3.4808179003104570e+01,
       4.5647884632522953e+01, 2.9279660578964734e+02,
       1.3421457415905804e+01, 4.4516169772357678e+01,
       2.9157843209171500e+02, 1.3421421983062967e+01,
       4.4504064297161385e+01, 2.9162429069770326e+02,
       -8.0093370133737096e+01, 4.9897165640645611e+01,
       2.9121510123107106e+02, -1.1033485811750798e+02,
       4.8564133868631458e+01, 2.8919204699387677e+02,
       -7.5635389939701653e+01, 4.7208372821185378e+00,
       2.9215270248810543e+02, -7.0587151423116538e+01,
       -3.6495873269473108e+01, 2.9227831579269036e+02,
       7.3153171559853533e+01, -4.3656005584829423e+00,
       2.9454527637130462e+02, 4.1447725637977626e+01,
       7.8370161384851897e+00, 2.9357109383913325e+02,
       1.4253869071942388e+01, 1.2157957816392809e+01,
       2.9147322698647304e+02, -2.3776709429079379e+01,
       -2.7591822702068534e+01, 2.9155755341467693e+02,
       -4.7547094366014377e+00, -2.1042154940698101e+01,
       2.9078843527944656e+02, -4.8797357470552223e+00,
       -2.8580344726485208e+01, 2.9163831582317562e+02,
       -5.2605038977317335e+01, -8.4717792175303224e+00,
       2.9175067816502923e+02, 7.8391477783255738e+01,
       8.3009872254192487e+00, 2.9459932431863024e+02,
       9.9368003736074968e+01, 1.0675441257179104e+01,
       2.9428850900410123e+02 ]
