%YAML:1.0
---
cameraMatrix: !!opencv-matrix
   rows: 3
   cols: 3
   dt: d
   data: [ 1.1404374261676987e+03, 0., 9.2863135718043895e+02, 0.,
       1.1402319556597026e+03, 5.5695329206317990e+02, 0., 0., 1. ]
distCoeffs: !!opencv-matrix
   rows: 5
   cols: 1
   dt: d
   data: [ 8.8876352463956643e-02, -2.2316308091025508e-01,
       3.9420265458805202e-04, -5.1618769508490715e-04,
       9.3390849632717640e-02 ]
rvecs: !!opencv-matrix
   rows: 39
   cols: 1
   dt: "3d"
   data: [ 2.0402125156307047e+00, 2.0770082045002156e+00,
       4.2102249735576924e-01, 1.9740341219212247e+00,
       2.0557356767145372e+00, 3.4851387740051265e-01,
       2.1719786365815663e+00, 2.2045393289225110e+00,
       7.7196098067716698e-02, -2.1743000718496361e+00,
       -2.1995602482930519e+00, 1.7059424507482279e-01,
       -2.1403828013651638e+00, -2.1186887044465554e+00,
       2.8882705329539377e-02, -2.1921558655912219e+00,
       -2.1805392375292403e+00, -6.4677556240903364e-02,
       2.2343152655497076e+00, 2.1424742328976745e+00,
       2.0946389213340977e-01, 2.0957332131771014e+00,
       2.1796484613876448e+00, 9.2098409103664208e-02,
       1.9701506172824006e+00, 2.0621074297429649e+00,
       3.4594256494299352e-01, 2.0367704606678236e+00,
       2.0887654050726421e+00, 4.3683899624197914e-01,
       -2.1399672279476252e+00, -2.1218774564557923e+00,
       -2.5259240132266481e-02, -2.1864898529778851e+00,
       -2.1926316145984543e+00, 1.4248735604629292e-01,
       2.1284422109472674e+00, 2.2128202494372320e+00,
       5.1255009167170004e-02, 2.1893166993171373e+00,
       2.0747110890936917e+00, 8.4964764852884886e-02,
       -2.1039961177452113e+00, -2.1088493918331066e+00,
       1.2505677396652737e-01, 2.1391124939864952e+00,
       2.2470978762749811e+00, -3.3001318753275799e-01,
       1.9305971506308466e+00, 1.9147375348040407e+00,
       2.4955277876378851e-01, 1.9689161871489680e+00,
       1.9220316586932653e+00, 2.8147168661708893e-01,
       1.9861860225636183e+00, 1.9347635541168240e+00,
       3.0688762101302497e-01, 2.0176367101561126e+00,
       1.9494493241894488e+00, 3.3662889806904894e-01,
       2.0543402158945767e+00, 1.9787792012197511e+00,
       2.8644092292384099e-01, 2.0726474530721273e+00,
       1.9903972213548731e+00, 2.4986103890105343e-01,
       2.0729672406506485e+00, 2.0230696897652027e+00,
       1.8189606758665228e-01, 2.1221554566079792e+00,
       2.0648823633534623e+00, 1.0164928304114233e-01,
       2.1486809916742255e+00, 2.2000994569928518e+00,
       1.4436950541762508e-01, 2.1375038654084308e+00,
       2.1081401213262798e+00, 1.4760448734597706e-01,
       2.1539514961384465e+00, 2.1317503908779845e+00,
       1.9598088608552844e-01, -2.0397519849110139e+00,
       -2.1471675866252817e+00, -5.5346340047257869e-01,
       2.0010434808538817e+00, 2.0514651048625603e+00,
       -4.2099996053167094e-01, 1.8936463939109469e+00,
       1.8836047781822007e+00, 3.6993285473569520e-01,
       -1.9036376968851363e+00, -1.9431109336434844e+00,
       3.1864690546201030e-01, -2.0204575145977843e+00,
       -2.0402464212123341e+00, 4.1476664500240357e-01,
       2.2180279968313172e+00, 2.2050871730859161e+00,
       1.4666928469894716e-01, 2.1582992042034821e+00,
       2.0009948226984209e+00, 3.0728809859119943e-01,
       -2.0837589952690201e+00, -2.0536020194880993e+00,
       1.5806788176765338e-01, -2.1152658828751418e+00,
       -2.1303673699015797e+00, 2.3745433543718267e-01,
       2.0667935039124461e+00, 2.0350070186564007e+00,
       2.0303452897204355e-01, 1.8224641457709860e+00,
       1.7798230400175494e+00, 6.2758975942321282e-01,
       -1.8988001246097228e+00, -1.7367127627644960e+00,
       4.4156121444983054e-01 ]
tvecs: !!opencv-matrix
   rows: 39
   cols: 1
   dt: "3d"
   data: [ -1.4308555370495872e+01, -7.8098830527584697e+00,
       2.1261116933703732e+01, -1.4911538237982180e+01,
       -4.3957937526828221e+00, 2.2939317390565048e+01,
       -6.0518766278884666e+00, -5.2752015086247726e+00,
       2.5539756363547063e+01, 5.1671761407352923e-01,
       -3.2990961124754952e+00, 2.5413668459501146e+01,
       -3.1542803902114508e-01, -7.8605156515242713e+00,
       2.3882430381380022e+01, -3.7846426301689284e+00,
       -7.7296953357745748e+00, 2.4395484558781067e+01,
       -8.4995371158457775e+00, -7.8161690522855878e+00,
       2.3881696382190910e+01, -6.9193717073581578e+00,
       -3.0550586947873071e+00, 2.5978404160405997e+01,
       -1.4630726218575091e+01, -4.4068365995272982e+00,
       2.2898117760511102e+01, -1.4257018236616137e+01,
       -7.8015105716392616e+00, 2.1674811015696559e+01,
       -8.2325245921144030e-01, -8.5128147753257881e+00,
       2.3554260775535447e+01, 3.3245973408287299e-01,
       -3.3916737725408654e+00, 2.5123732489165022e+01,
       -4.9061107943739657e+00, -4.1207089387180158e+00,
       2.4739313105469453e+01, -8.8691372856461275e+00,
       -6.7219788754379728e+00, 3.1142223243929486e+01,
       3.0035557376032918e+00, -1.0442731280377638e+01,
       2.9030803104034643e+01, 3.1343044159764624e+00,
       -2.6905155091280601e+00, 3.0316388677898956e+01,
       -1.7477770885346057e+01, -3.3771793534332271e+00,
       2.7272153231227630e+01, -1.7302870374045618e+01,
       -4.7578374146626086e+00, 2.7058361329839823e+01,
       -1.7189569496901559e+01, -5.8351377387427972e+00,
       2.6863070024250671e+01, -1.6717182570136206e+01,
       -7.1816830114159931e+00, 2.6636020248664323e+01,
       -1.4760143423146983e+01, -7.2355247191347392e+00,
       2.7361016161693488e+01, -1.3297473191472740e+01,
       -7.1235231996387238e+00, 2.7712011404915270e+01,
       -1.1418118885086093e+01, -6.7477062204882428e+00,
       2.8331764448170475e+01, -8.6886291997351748e+00,
       -6.7067209966327015e+00, 2.8966408864316875e+01,
       -5.7465465971743130e+00, -9.5143912745945194e+00,
       3.0331403463866671e+01, -9.0970284017438168e+00,
       -7.4429129588740555e+00, 3.2117924893750967e+01,
       -9.3582500120759242e+00, -9.0720936307678954e+00,
       3.2318004698320962e+01, -9.2828246860518124e+00,
       -9.8948892792897993e+00, 3.5805904190051940e+01,
       -3.1352307297262825e+00, -1.7163544291003749e+00,
       4.0166214751130170e+01, -1.5343549430769913e+01,
       -8.2441145460605352e+00, 3.5262704695051625e+01,
       1.0550535253854360e+01, -9.2723050214837954e+00,
       4.2164431131053163e+01, 7.7372947042701554e+00,
       -2.7600651436313378e-01, 4.1546997176587340e+01,
       -7.9039915392450606e+00, -6.4665176059728440e+00,
       5.1492310445794097e+01, -1.6551598066577355e+01,
       -7.4739069835593277e+00, 2.8117183577038119e+01,
       2.8464816939629496e+00, -9.0936934167650225e+00,
       2.9223722640642084e+01, 3.2681107734778130e+00,
       -3.4592260469471929e+00, 2.9595894150265206e+01,
       -1.7044632464492025e+01, -1.8228267759502450e+00,
       3.0482688894141383e+01, -1.3251403404238248e+01,
       -6.2761602957489586e+00, 2.8079126447989907e+01,
       2.4899290170105086e+00, -7.1367480300467667e+00,
       4.0873643252235560e+01 ]
