%YAML:1.0
---
cameraMatrix: !!opencv-matrix
   rows: 3
   cols: 3
   dt: d
   data: [ 1.1577013318225329e+03, 0., 9.2855774599684833e+02, 0.,
       1.1571482011385042e+03, 5.4738692534273082e+02, 0., 0., 1. ]
distCoeffs: !!opencv-matrix
   rows: 5
   cols: 1
   dt: d
   data: [ 1.0011600706666748e-01, -2.5398467280208309e-01,
       -6.1364867197698448e-05, -1.2203230134439334e-04,
       1.1921590576959845e-01 ]
rvecs: !!opencv-matrix
   rows: 53
   cols: 1
   dt: "3d"
   data: [ -2.2230740884058915e+00, -1.9610428545761509e+00,
       -3.0443961849664436e-01, -2.0159515489830580e+00,
       -1.9587106293748660e+00, -2.5624008820131305e-01,
       -1.9168725375009832e+00, -1.9320649384959072e+00,
       -1.7495046257304317e-01, -1.8981746708104614e+00,
       -1.9229164914634573e+00, -8.6494131536852981e-02,
       -1.8852911761157090e+00, -1.8422070606727290e+00,
       1.4669660524287446e-02, -1.7192062892934601e+00,
       -1.8486350662771438e+00, 1.6970002791705519e-01,
       -1.7080504595798096e+00, -1.8503475374551845e+00,
       2.3639283990099086e-01, -1.7280060700598516e+00,
       -1.8206329595092479e+00, 2.4830167353294250e-01,
       -1.7397991201757403e+00, -1.8147866388005782e+00,
       2.5935234576799193e-01, -1.7473460574163078e+00,
       -1.8541182025283935e+00, 3.0671952930390517e-01,
       -1.7085401709780028e+00, -1.9079839409431463e+00,
       3.6474551025198038e-01, -1.8218692316929945e+00,
       -2.0101057042318633e+00, 3.5545555141868779e-01,
       -1.8643187210538483e+00, -2.0516308554752380e+00,
       3.1930074858489660e-01, -1.8392180417914425e+00,
       -2.1681374411991268e+00, 3.4788781452127593e-01,
       -2.0034588773590478e+00, -2.3220381994052013e+00,
       2.1345030101089538e-01, 2.1720459501952973e+00,
       2.2483287820057241e+00, -6.5322889595094066e-02,
       2.1548354079793368e+00, 2.2250277973435395e+00,
       1.1326119442495799e-02, 2.1445766840902185e+00,
       2.1498205903299206e+00, 1.1009787162785797e-01,
       2.1349557629249976e+00, 2.1499916217740198e+00,
       1.8484439638591063e-01, 2.1645550721352929e+00,
       2.1304277898580377e+00, 2.7216255589894001e-01,
       2.1944323733970799e+00, 2.1007807083841392e+00,
       3.4949930521689143e-01, 2.2497189921134955e+00,
       2.0576858541551970e+00, 4.7696678249159924e-01,
       -2.1483118820145810e+00, -2.1611349982657306e+00,
       -6.8499590319134607e-01, -2.1594512193271194e+00,
       -2.2190850805891236e+00, -6.4614787338687907e-01,
       1.9963085295533807e+00, 2.0899407266089938e+00,
       2.3149282077709699e-01, 2.0503000117538712e+00,
       2.1323171589956957e+00, -2.7234097958319582e-02,
       2.1272556263380098e+00, 2.0434127329733758e+00,
       1.8493951458882427e-01, 2.2552282641799200e+00,
       2.1078008229287399e+00, -6.5896333993985243e-02,
       -2.2347951665297034e+00, -2.0333770885308327e+00,
       2.4239314136560161e-01, -2.1276939301795750e+00,
       -1.8824464789376119e+00, 3.7392029938082827e-01,
       1.9809312016562632e+00, 1.7351369389176228e+00,
       5.2807900304319944e-01, -1.6433442508688634e+00,
       -1.5688848939592694e+00, 3.5668650263552004e-01,
       -1.6277345877922940e+00, -1.6294716586340823e+00,
       4.4284936181392870e-01, -1.5809845577661858e+00,
       -1.6662041238331038e+00, 4.5597617078822084e-01,
       -1.9401758499763528e+00, -2.0684822198788577e+00,
       -8.0293231812042853e-01, 2.1185271228585587e+00,
       2.1059850387335541e+00, -5.7431689396888397e-01,
       2.1166446608643312e+00, 2.1271952277576958e+00,
       -6.0933255830214528e-01, 2.0930191157792688e+00,
       2.1186752316269613e+00, -6.0483701280666080e-01,
       2.1180046166672462e+00, 2.1017957229831841e+00,
       -5.4933917272969757e-01, -1.7468448961187162e+00,
       -2.1316541161872555e+00, -8.9054738393780963e-01,
       -1.7891311994953858e+00, -1.9184152753331252e+00,
       -4.2892048878142762e-02, -2.0838558132182041e+00,
       -2.1456539246077320e+00, 1.3725905242887412e-02,
       -2.1181137643053409e+00, -2.1853438534637726e+00,
       -3.0023373949799020e-02, -2.1323958936195435e+00,
       -2.1911758904813587e+00, -6.5241659295705384e-02,
       -1.9812787236210916e+00, -2.0264142404650283e+00,
       2.3637614916123154e-01, -2.0762603918919096e+00,
       -2.0924327116859729e+00, 2.7500398668742282e-01,
       -2.1905646491011086e+00, -2.1557167590238411e+00,
       8.2242851655046079e-02, -2.1147396939485161e+00,
       -2.0962691367821806e+00, -3.6374454386055369e-02,
       -1.9486069799124435e+00, -2.0292918750770639e+00,
       1.8389901419841084e-01, -2.0831686425267222e+00,
       -2.0272250057446488e+00, 1.6893574764255850e-01,
       -2.1591869201491072e+00, -2.2376391304161976e+00,
       5.0631941529706882e-02, -2.0611214822477955e+00,
       -2.0680321430401203e+00, 1.5733691392258900e-01,
       -2.0413132530166993e+00, -2.0062000908912143e+00,
       1.8673904799730795e-01 ]
