%YAML:1.0
---
cameraMatrix: !!opencv-matrix
   rows: 3
   cols: 3
   dt: d
   data: [ 1.1751151904701273e+03, 0., 9.2402478772623044e+02, 0.,
       1.1756961773178505e+03, 5.6129989148339325e+02, 0., 0., 1. ]
distCoeffs: !!opencv-matrix
   rows: 5
   cols: 1
   dt: d
   data: [ 1.1066414512380086e-01, -2.5550915032748445e-01,
       3.1286258427181603e-03, -1.7453675788780226e-03,
       8.7592285337330683e-02 ]
rvecs: !!opencv-matrix
   rows: 17
   cols: 1
   dt: "3d"
   data: [ 2.0232667854749882e+00, 2.0669557492795585e+00,
       8.2549992379950143e-02, 2.0616086172200343e+00,
       2.0937161426772892e+00, -8.5536760862275022e-03,
       2.1269713329619315e+00, 2.1237236080886794e+00,
       -1.3453979455693374e-01, 2.1724143443472013e+00,
       2.1607734613372331e+00, -3.1789631823776215e-01,
       -2.1860861526646480e+00, -2.1108586844468991e+00,
       2.7019209556799706e-01, -2.2072993775332455e+00,
       -2.1282148533950038e+00, 1.6657913405789704e-01,
       2.2401677932331654e+00, 2.1643684530100060e+00,
       -7.9217282298000069e-02, 2.2304234433820271e+00,
       2.1612609325741472e+00, 7.1208601619289547e-02,
       2.1986721924518511e+00, 2.1049488393014633e+00,
       1.7263644640254036e-01, 2.1196613390572061e+00,
       2.0537970948505802e+00, 3.1755472941859375e-01,
       2.0196072669835385e+00, 2.0933992929520588e+00,
       2.0556163798532379e-01, 2.0799751028051880e+00,
       2.1219505187795367e+00, 1.6166805816602833e-02,
       2.0500242283284047e+00, 1.8727067886783102e+00,
       3.4727406487706153e-01, -1.7911871358775679e+00,
       -1.8156045126913978e+00, 2.8690509667198860e-01,
       2.0456147007378309e+00, 1.9619339698748182e+00,
       -2.9009912172481295e-01, -1.9524283295278486e+00,
       -2.0255435062175970e+00, -5.1682209166313098e-01,
       1.9402834559524935e+00, 1.9593941601207192e+00,
       2.8479552143506776e-01 ]
tvecs: !!opencv-matrix
   rows: 17
   cols: 1
   dt: "3d"
   data: [ -2.5336327889687801e+01, -6.5859262438924988e+00,
       7.6850343127436403e+01, -1.6350193816741495e+01,
       -5.3195824122341380e+00, 7.7303579126922088e+01,
       -8.1066270034167385e+00, -4.2176508244785174e+00,
       7.7783031439908584e+01, 5.4577487917774787e+00,
       -4.8155661280053419e+00, 7.6134467459739611e+01,
       9.8367939680511931e+00, -1.2574925419490826e+01,
       7.4367484716850015e+01, 2.2000296779838475e+00,
       -1.6779959352487527e+01, 7.4401932251903659e+01,
       -5.1677415898792134e+00, -1.3825318656578998e+01,
       7.6792044067638230e+01, -1.3320293156965839e+01,
       -1.9008616797188001e+01, 7.5998593217775337e+01,
       -2.1656028670512509e+01, -1.9750881310159389e+01,
       7.5098009946913479e+01, -3.2075921351678986e+01,
       -2.0139298453030388e+01, 7.2281506838524692e+01,
       -2.8995748433656999e+01, -1.0442185158998059e+01,
       7.3135559072122263e+01, -1.7257549289058193e+01,
       -6.9872793599522316e+00, 7.3958358133369458e+01,
       -2.5467230045653995e+01, -3.9604221866270062e+00,
       3.9202033096136290e+01, 1.5905992071075008e+01,
       -1.4784174911619942e+01, 5.9871280667286825e+01,
       -1.5626121060333531e+01, 2.2597140807416110e+00,
       5.9210734836028621e+01, -1.2359433068675207e+01,
       -1.6278360941951412e+01, 6.1773060949976951e+01,
       -1.8909736779920124e+01, -4.1860240102220416e+00,
       5.8019781330196089e+01 ]
