%YAML:1.0
---
cameraMatrix: !!opencv-matrix
   rows: 3
   cols: 3
   dt: d
   data: [ 1.1572272376926321e+03, 0., 9.2440135050133460e+02, 0.,
       1.1536664261464423e+03, 5.4819358016773162e+02, 0., 0., 1. ]
distCoeffs: !!opencv-matrix
   rows: 5
   cols: 1
   dt: d
   data: [ 7.2398852685265636e-02, -1.9516695591172434e-01,
       3.2785378691198563e-04, -1.2786622514694400e-03,
       7.9804097096970061e-02 ]
rvecs: !!opencv-matrix
   rows: 34
   cols: 1
   dt: "3d"
   data: [ 1.9878194093781498e+00, 1.9165298272908189e+00,
       5.1518180187121121e-01, 2.0131675644830587e+00,
       2.0335801001129870e+00, 4.5623607163632374e-01,
       -2.1760561888931140e+00, -2.1641967238841406e+00,
       -4.2565881811757252e-02, 1.9121037241242311e+00,
       1.9534183776099492e+00, 2.6794079029389861e-01,
       1.9605862458292540e+00, 1.9830898991903159e+00,
       1.6756929547340496e-01, 2.1992531131527198e+00,
       2.1645348251165366e+00, -3.1581599895453527e-01,
       2.1883828837646671e+00, 2.2855067639838218e+00,
       -3.0571328484451554e-01, -2.1529793822834082e+00,
       -2.1680717827726994e+00, 2.8485645024593170e-01,
       -2.2149060427235043e+00, -2.2010098473164965e+00,
       1.0858535095088501e-01, 2.1839842162650491e+00,
       2.1425989753914561e+00, 8.8300437991384872e-02,
       2.2251572524506722e+00, 2.1811036338196605e+00,
       2.1945521646989727e-01, 2.0017255214772032e+00,
       1.9239434516840161e+00, 5.1091864754586458e-01,
       -1.8823185228117589e+00, -1.9378477096672657e+00,
       5.6301208162892646e-01, 1.9015095748607167e+00,
       1.9082580849092399e+00, -3.2273354568625923e-01,
       -1.9614877631344083e+00, -2.1828237464194657e+00,
       -4.5947558146058409e-01, -2.1801660814787605e+00,
       -2.1188788226518387e+00, -4.0976251690968285e-01,
       2.0714197726907337e+00, 2.1186341477987614e+00,
       6.2911666688684897e-01, -1.8811873950412168e+00,
       -2.0676034787899469e+00, 3.3022887774466114e-01,
       2.1353662171366099e+00, 2.0345865127819009e+00,
       3.1148039993558774e-01, -1.9931683150555386e+00,
       -2.0917024344181465e+00, 6.2348925738923144e-01,
       -1.9343862373560872e+00, -1.9907968399067155e+00,
       3.3463638855239569e-01, 2.0405673921583820e+00,
       1.9285023233389635e+00, 6.1540788815034109e-01,
       1.8394844251621059e+00, 1.8831815688238904e+00,
       1.7513597442634740e-01, 1.8088590639552986e+00,
       1.6777268411759243e+00, 7.2347762631906765e-01,
       -1.8726460966509042e+00, -1.8215034542780733e+00,
       5.8663778963069790e-01, -1.9490400401135046e+00,
       -1.9190905710570692e+00, 4.3026969257515091e-01,
       -2.1409814043568964e+00, -2.0613754113482199e+00,
       3.2856738090474367e-02, -2.0420853879988052e+00,
       -2.1701010263291303e+00, -5.7028744601708936e-01,
       1.9785607147569499e+00, 2.1466336086565159e+00,
       -1.2978723435536343e-01, 1.8896332679977057e+00,
       1.9451592389705876e+00, -4.7869513769484467e-01,
       1.7416230203677696e+00, 1.8218592204135398e+00,
       -1.0726104176025150e-01, 1.9832431012430420e+00,
       2.2597468939072356e+00, -7.7326801998963979e-01,
       2.3410176667864779e+00, 2.3800172843681033e+00,
       -4.8395044614049160e-01, 2.0055951414448212e+00,
       1.8922629145944827e+00, 5.4448151929086774e-01 ]
tvecs: !!opencv-matrix
   rows: 34
   cols: 1
   dt: "3d"
   data: [ -1.7862408906628335e+01, -9.3590929693531066e+00,
       2.8256442428213145e+01, -1.2932756827931401e+01,
       -1.0424737259501290e+01, 2.9740584362574140e+01,
       3.4488854844381138e+00, -1.0843956186197946e+01,
       3.0650608639429034e+01, -2.8675728414323569e+01,
       4.1546738809936326e+00, 4.3908535014689448e+01,
       -2.2238234886028199e+01, 4.1209760014695442e+00,
       4.5678666787813597e+01, 9.2210148633063209e+00,
       3.0281951949873678e+00, 4.2880262297988565e+01,
       1.3265236805703502e+01, -5.3363690883531001e-01,
       4.2482251880978559e+01, 1.4303504645869983e+01,
       -4.0924507825521337e+00, 4.3252595651874508e+01,
       5.6715430387337182e+00, -5.9659563923936911e+00,
       4.7562636322650299e+01, -6.4097599550668738e+00,
       -9.1189298515881454e+00, 5.2207450180067219e+01,
       -6.7559084064077775e+00, -1.7640972772675500e+01,
       5.1264888648814839e+01, -3.2274795824315646e+01,
       -1.4653137440728226e+01, 4.9346085106913819e+01,
       2.0081026724219083e+01, -1.1270789005865188e+01,
       5.8945306437263298e+01, -1.1916144388742181e+01,
       9.8402069725705505e+00, 6.4334852247761688e+01,
       -1.6065287888364367e+01, -1.7871418115140905e+01,
       5.6085247263339816e+01, -1.8705274036392847e+01,
       -9.3171161544572012e+00, 5.6827170995916163e+01,
       -3.5390979858704689e+01, -1.0727143974848884e+01,
       5.0305833335876919e+01, 1.9719886240821957e+01,
       -2.6284947555929907e+00, 5.1557642662670219e+01,
       -2.7358065927992556e+01, -1.5665463235947533e+01,
       9.4772476262001760e+01, 3.9267851512965805e+01,
       4.3439754946081915e-01, 8.3419008933558132e+01,
       3.8604396289140290e+01, -2.9920368042895397e+01,
       7.7355192729045143e+01, -4.8206930651771629e+01,
       -2.8499338075514764e+01, 7.2136040535260932e+01,
       -4.7315041021612913e+01, 1.6892893533382043e+01,
       7.3873493235972006e+01, -2.6262840330453461e+01,
       -1.3474684008762480e+01, 5.7201846012943818e+01,
       3.5124471353249653e+01, -1.9063688537877972e+01,
       7.9168214622814020e+01, 2.6536401366403826e+01,
       -2.2020599510270671e+01, 8.8563348599960605e+01,
       -6.2954109407422347e+00, -2.2717456502791713e+01,
       9.3638167599038383e+01, -2.9929158511682420e+01,
       -2.5551316153298306e+01, 7.3924656263251094e+01,
       -2.1370570913067365e+01, 1.6090820471119176e+01,
       7.9034944664686918e+01, -6.0581690879198398e+00,
       1.9318383569071894e+01, 8.0329859926878939e+01,
       -4.0496517401218419e+01, 1.6665483920001577e+01,
       8.0650110456941732e+01, 2.7085594463622535e+01,
       9.4054755790518048e+00, 6.2574048222327214e+01,
       2.8933887613483073e+01, -2.3761782471413664e+01,
       6.1579414400578202e+01, -4.9884848738826378e+01,
       -2.8827733961112720e+01, 6.9736627529419579e+01 ]
