<?xml version="1.0"?>
<opencv_storage>
<Camera_Matrix type_id="opencv-matrix">
  <rows>3</rows>
  <cols>3</cols>
  <dt>d</dt>
  <data>
    1.5040983714127085e+03 0. 9.5950000000000000e+02 0.
    1.5040983714127085e+03 5.3950000000000000e+02 0. 0. 1.</data></Camera_Matrix>
<Distortion_Coefficients type_id="opencv-matrix">
  <rows>5</rows>
  <cols>1</cols>
  <dt>d</dt>
  <data>
    6.1802816784916459e-01 -3.8393039223209326e+00 0. 0.
    5.9091041690370067e+00</data></Distortion_Coefficients>
</opencv_storage>
